1
191
41
00000000000000000000000000000000000000000
01S11111111111111111111111111111111111110
01000010000100001000010000100001000000010
01111111111111111111111111111111111111010
01000010000100001000010000100001000001010
01111111111111111111111111111111111111010
01000010000100001000010000100001000001010
01111111111111111111111111111111111111010
01000010000100001000010000100001000001010
01111111111111111111111111111111111111010
01000010000100001000010000100001000001010
01111111111111111111111111111111111111010
01000010000100001000010000100001000001010
01111111111111111111111111111111111111010
01000010000100001000010000100001000001010
01111111111111111111111111111111111111010
01000010000100001000010000100001000001010
01111111111111111111111111111111111111010
01000010000100001000010000100001000001010
01000010000100001000010000100001000000010
01111111111111111111111111111111111111010
01000010000100001000010000100001000001010
01111111111111111111111111111111111111010
01000010000100001000010000100001000001010
01111111111111111111111111111111111111010
01000010000100001000010000100001000001010
01111111111111111111111111111111111111010
01000010000100001000010000100001000001010
01111111111111111111111111111111111111010
01000010000100001000010000100001000001010
01111111111111111111111111111111111111010
01000010000100001000010000100001000001010
01111111111111111111111111111111111111010
01000010000100001000010000100001000001010
01111111111111111111111111111111111111010
01000010000100001000010000100001000001010
01000010000100001000010000100001000000010
01111111111111111111111111111111111111010
01000010000100001000010000100001000001010
01111111111111111111111111111111111111010
01000010000100001000010000100001000001010
01111111111111111111111111111111111111010
01000010000100001000010000100001000001010
01111111111111111111111111111111111111010
01000010000100001000010000100001000001010
01111111111111111111111111111111111111010
01000010000100001000010000100001000001010
01111111111111111111111111111111111111010
01000010000100001000010000100001000001010
01111111111111111111111111111111111111010
01000010000100001000010000100001000001010
01111111111111111111111111111111111111010
01000010000100001000010000100001000001010
01000010000100001000010000100001000000010
01111111111111111111111111111111111111010
01000010000100001000010000100001000001010
01111111111111111111111111111111111111010
01000010000100001000010000100001000001010
01111111111111111111111111111111111111010
01000010000100001000010000100001000001010
01111111111111111111111111111111111111010
01000010000100001000010000100001000001010
01111111111111111111111111111111111111010
01000010000100001000010000100001000001010
01111111111111111111111111111111111111010
01000010000100001000010000100001000001010
01111111111111111111111111111111111111010
01000010000100001000010000100001000001010
01111111111111111111111111111111111111010
01000010000100001000010000100001000001010
01000010000100001000010000100001000000010
01111111111111111111111111111111111111010
01000010000100001000010000100001000001010
01111111111111111111111111111111111111010
01000010000100001000010000100001000001010
01111111111111111111111111111111111111010
01000010000100001000010000100001000001010
01111111111111111111111111111111111111010
01000010000100001000010000100001000001010
01111111111111111111111111111111111111010
01000010000100001000010000100001000001010
01111111111111111111111111111111111111010
01000010000100001000010000100001000001010
01111111111111111111111111111111111111010
01000010000100001000010000100001000001010
01111111111111111111111111111111111111010
01000010000100001000010000100001000001010
01000010000100001000010000100001000000010
01111111111111111111111111111111111111010
01000010000100001000010000100001000001010
01111111111111111111111111111111111111010
01000010000100001000010000100001000001010
01111111111111111111111111111111111111010
01000010000100001000010000100001000001010
01111111111111111111111111111111111111010
01000010000100001000010000100001000001010
01111111111111111111111111111111111111010
01000010000100001000010000100001000001010
01111111111111111111111111111111111111010
01000010000100001000010000100001000001010
01111111111111111111111111111111111111010
01000010000100001000010000100001000001010
01111111111111111111111111111111111111010
01000010000100001000010000100001000001010
01000010000100001000010000100001000000010
01111111111111111111111111111111111111010
01000010000100001000010000100001000001010
01111111111111111111111111111111111111010
01000010000100001000010000100001000001010
01111111111111111111111111111111111111010
01000010000100001000010000100001000001010
01111111111111111111111111111111111111010
01000010000100001000010000100001000001010
01111111111111111111111111111111111111010
01000010000100001000010000100001000001010
01111111111111111111111111111111111111010
01000010000100001000010000100001000001010
01111111111111111111111111111111111111010
01000010000100001000010000100001000001010
01111111111111111111111111111111111111010
01000010000100001000010000100001000001010
01000010000100001000010000100001000000010
01111111111111111111111111111111111111010
01000010000100001000010000100001000001010
01111111111111111111111111111111111111010
01000010000100001000010000100001000001010
01111111111111111111111111111111111111010
01000010000100001000010000100001000001010
01111111111111111111111111111111111111010
01000010000100001000010000100001000001010
01111111111111111111111111111111111111010
01000010000100001000010000100001000001010
01111111111111111111111111111111111111010
01000010000100001000010000100001000001010
01111111111111111111111111111111111111010
01000010000100001000010000100001000001010
01111111111111111111111111111111111111010
01000010000100001000010000100001000001010
01000010000100001000010000100001000000010
01111111111111111111111111111111111111010
01000010000100001000010000100001000001010
01111111111111111111111111111111111111010
01000010000100001000010000100001000001010
01111111111111111111111111111111111111010
01000010000100001000010000100001000001010
01111111111111111111111111111111111111010
01000010000100001000010000100001000001010
01111111111111111111111111111111111111010
01000010000100001000010000100001000001010
01111111111111111111111111111111111111010
01000010000100001000010000100001000001010
01111111111111111111111111111111111111010
01000010000100001000010000100001000001010
01111111111111111111111111111111111111010
01000010000100001000010000100001000001010
01000010000100001000010000100001000000010
01111111111111111111111111111111111111010
01000010000100001000010000100001000001010
01111111111111111111111111111111111111010
01000010000100001000010000100001000001010
01111111111111111111111111111111111111010
01000010000100001000010000100001000001010
01111111111111111111111111111111111111010
01000010000100001000010000100001000001010
01111111111111111111111111111111111111010
01000010000100001000010000100001000001010
01111111111111111111111111111111111111010
01000010000100001000010000100001000001010
01111111111111111111111111111111111111010
01000010000100001000010000100001000001010
01111111111111111111111111111111111111010
01000010000100001000010000100001000001010
01000010000100001000010000100001000000010
01111111111111111111111111111111111111010
01000010000100001000010000100001000001010
01111111111111111111111111111111111111010
01000010000100001000010000100001000001010
01111111111111111111111111111111111111010
01000010000100001000010000100001000001010
01111111111111111111111111111111111111010
01000010000100001000010000100001000001010
01111111111111111111111111111111111111010
01000010000100001000010000100001000001010
01111111111111111111111111111111111111010
01000010000100001000010000100001000001010
01111111111111111111111111111111111111010
01000010000100001000010000100001000001010
01111111111111111111111111111111111111010
01000010000100001000010000100001000001010
01111111111111111111111111111111111111G10
00000000000000000000000000000000000000000